262
406
92:n 5:y 1:n 
91:n 7:y 
90:n 8:y 
89:n 9:y 
88:n 10:y 
87:n 11:y 
86:n 12:y 
85:n 13:y 
84:n 13:y 1:n 
83:n 13:y 2:n 
82:n 13:y 3:n 
81:n 13:y 4:n 
80:n 13:y 5:n 
80:n 12:y 6:n 
79:n 12:y 7:n 
78:n 12:y 8:n 
78:n 11:y 9:n 
77:n 11:y 10:n 
76:n 11:y 11:n 
76:n 11:y 11:n 
76:n 10:y 12:n 
76:n 9:y 13:n 
75:n 10:y 13:n 
75:n 9:y 14:n 
75:n 9:y 14:n 
75:n 9:y 14:n 
74:n 10:y 14:n 
74:n 9:y 15:n 
74:n 9:y 15:n 
73:n 10:y 15:n 
72:n 11:y 15:n 
72:n 10:y 16:n 
72:n 9:y 17:n 
71:n 10:y 17:n 
10:n 5:y 55:n 11:y 17:n 
9:n 7:y 54:n 10:y 18:n 
6:n 11:y 53:n 9:y 19:n 
5:n 13:y 51:n 10:y 19:n 
4:n 15:y 49:n 11:y 19:n 
4:n 16:y 47:n 11:y 20:n 
4:n 17:y 45:n 11:y 21:n 
4:n 18:y 43:n 12:y 21:n 
4:n 19:y 41:n 13:y 21:n 
4:n 20:y 39:n 13:y 22:n 
4:n 21:y 37:n 13:y 23:n 
4:n 21:y 37:n 12:y 24:n 
4:n 21:y 36:n 12:y 25:n 
4:n 21:y 35:n 12:y 26:n 
2:n 23:y 35:n 11:y 27:n 
1:n 24:y 34:n 11:y 28:n 
25:y 32:n 12:y 29:n 
25:y 31:n 13:y 29:n 
25:y 29:n 14:y 30:n 
25:y 28:n 14:y 31:n 
25:y 25:n 17:y 31:n 
1:n 27:y 21:n 17:y 32:n 
2:n 29:y 15:n 19:y 33:n 
5:n 29:y 8:n 21:y 35:n 
6:n 56:y 36:n 
9:n 51:y 38:n 
10:n 49:y 39:n 
19:n 37:y 42:n 
20:n 35:y 43:n 
23:n 29:y 46:n 
26:n 25:y 47:n 
29:n 18:y 51:n 
