294
334
58:n 9:y 33:n 
54:n 14:y 32:n 
50:n 21:y 29:n 
49:n 25:y 26:n 
46:n 31:y 23:n 
45:n 33:y 22:n 
42:n 39:y 19:n 
41:n 41:y 18:n 
40:n 44:y 16:n 
39:n 20:y 6:n 20:y 15:n 
38:n 17:y 11:n 21:y 13:n 
37:n 15:y 17:n 19:y 12:n 
36:n 15:y 21:n 17:y 11:n 
35:n 13:y 27:n 14:y 11:n 
34:n 13:y 29:n 14:y 10:n 
33:n 13:y 32:n 13:y 9:n 
31:n 14:y 34:n 12:y 9:n 
30:n 14:y 37:n 11:y 8:n 
29:n 14:y 39:n 11:y 7:n 
28:n 14:y 40:n 12:y 6:n 
27:n 14:y 42:n 12:y 5:n 
26:n 14:y 44:n 11:y 5:n 
25:n 14:y 45:n 11:y 5:n 
24:n 13:y 48:n 11:y 4:n 
23:n 13:y 50:n 11:y 3:n 
22:n 13:y 52:n 10:y 3:n 
21:n 13:y 54:n 9:y 3:n 
20:n 13:y 55:n 9:y 3:n 
18:n 14:y 56:n 10:y 2:n 
17:n 14:y 58:n 9:y 2:n 
16:n 14:y 59:n 9:y 2:n 
16:n 13:y 60:n 9:y 2:n 
16:n 12:y 61:n 10:y 1:n 
15:n 12:y 63:n 9:y 1:n 
14:n 11:y 65:n 9:y 1:n 
14:n 10:y 66:n 9:y 1:n 
13:n 10:y 67:n 10:y 
12:n 11:y 68:n 9:y 
11:n 12:y 68:n 9:y 
11:n 11:y 69:n 9:y 
10:n 11:y 70:n 9:y 
9:n 11:y 72:n 8:y 
8:n 12:y 72:n 8:y 
8:n 11:y 73:n 8:y 
8:n 10:y 74:n 8:y 
7:n 10:y 75:n 8:y 
7:n 10:y 74:n 9:y 
7:n 9:y 75:n 9:y 
6:n 10:y 75:n 9:y 
6:n 10:y 75:n 9:y 
6:n 9:y 76:n 9:y 
5:n 10:y 76:n 9:y 
4:n 11:y 76:n 9:y 
4:n 10:y 77:n 9:y 
4:n 9:y 77:n 10:y 
4:n 9:y 77:n 9:y 1:n 
4:n 9:y 77:n 9:y 1:n 
4:n 9:y 77:n 9:y 1:n 
4:n 9:y 77:n 9:y 1:n 
4:n 9:y 77:n 9:y 1:n 
3:n 10:y 77:n 9:y 1:n 
3:n 9:y 78:n 9:y 1:n 
3:n 9:y 78:n 9:y 1:n 
3:n 9:y 77:n 9:y 2:n 
2:n 10:y 77:n 9:y 2:n 
2:n 9:y 78:n 9:y 2:n 
2:n 9:y 78:n 9:y 2:n 
2:n 9:y 78:n 9:y 2:n 
2:n 9:y 77:n 9:y 3:n 
2:n 9:y 77:n 9:y 3:n 
2:n 9:y 77:n 9:y 3:n 
2:n 9:y 77:n 9:y 3:n 
2:n 9:y 77:n 9:y 3:n 
2:n 9:y 77:n 9:y 3:n 
2:n 9:y 77:n 9:y 3:n 
2:n 9:y 76:n 10:y 3:n 
2:n 9:y 75:n 11:y 3:n 
2:n 9:y 75:n 10:y 4:n 
2:n 9:y 75:n 9:y 5:n 
2:n 9:y 74:n 10:y 5:n 
2:n 9:y 73:n 11:y 5:n 
2:n 9:y 72:n 11:y 6:n 
2:n 9:y 71:n 11:y 7:n 
1:n 11:y 69:n 12:y 7:n 
27:y 53:n 13:y 7:n 
31:y 48:n 13:y 8:n 
35:y 42:n 14:y 9:n 
44:y 32:n 14:y 10:n 
57:y 17:n 15:y 11:n 
1:n 57:y 15:n 15:y 12:n 
2:n 59:y 9:n 17:y 13:n 
6:n 59:y 4:n 17:y 14:n 
10:n 75:y 15:n 
14:n 69:y 17:n 
18:n 64:y 18:n 
22:n 58:y 20:n 
26:n 57:y 17:n 
34:n 50:y 16:n 
38:n 47:y 15:n 
46:n 41:y 13:n 
50:n 38:y 12:n 
68:n 21:y 11:n 
72:n 19:y 9:n 
75:n 17:y 8:n 
78:n 17:y 5:n 
80:n 16:y 4:n 
81:n 16:y 3:n 
82:n 15:y 3:n 
84:n 13:y 3:n 
85:n 13:y 2:n 
86:n 13:y 1:n 
89:n 10:y 1:n 
90:n 9:y 1:n 
90:n 10:y 
90:n 10:y 
91:n 9:y 
92:n 8:y 
92:n 8:y 
92:n 8:y 
92:n 8:y 
92:n 8:y 
92:n 8:y 
92:n 8:y 
92:n 8:y 
92:n 8:y 
92:n 8:y 
92:n 8:y 
92:n 8:y 
92:n 8:y 
92:n 8:y 
92:n 8:y 
92:n 8:y 
92:n 8:y 
93:n 7:y 
