274
300
8:n 5:y 87:n 
7:n 7:y 86:n 
6:n 9:y 85:n 
6:n 9:y 85:n 
6:n 9:y 85:n 
6:n 9:y 85:n 
6:n 9:y 85:n 
6:n 9:y 85:n 
6:n 9:y 69:n 9:y 7:n 
6:n 9:y 68:n 11:y 6:n 
6:n 9:y 67:n 13:y 5:n 
6:n 9:y 67:n 13:y 5:n 
6:n 9:y 67:n 13:y 5:n 
6:n 9:y 67:n 13:y 5:n 
6:n 9:y 67:n 13:y 5:n 
6:n 9:y 68:n 12:y 5:n 
6:n 9:y 69:n 11:y 5:n 
6:n 9:y 70:n 10:y 5:n 
6:n 9:y 69:n 11:y 5:n 
6:n 9:y 69:n 10:y 6:n 
6:n 9:y 69:n 9:y 7:n 
6:n 9:y 68:n 10:y 7:n 
6:n 9:y 67:n 11:y 7:n 
6:n 9:y 67:n 10:y 8:n 
6:n 9:y 67:n 9:y 9:n 
6:n 9:y 66:n 10:y 9:n 
6:n 9:y 65:n 11:y 9:n 
6:n 9:y 65:n 10:y 10:n 
6:n 9:y 64:n 10:y 11:n 
6:n 9:y 63:n 11:y 11:n 
5:n 10:y 63:n 11:y 11:n 
5:n 9:y 63:n 11:y 12:n 
5:n 9:y 62:n 11:y 13:n 
5:n 9:y 61:n 12:y 13:n 
4:n 10:y 59:n 13:y 14:n 
4:n 9:y 59:n 13:y 15:n 
4:n 9:y 57:n 15:y 15:n 
4:n 9:y 56:n 15:y 16:n 
4:n 9:y 54:n 16:y 17:n 
4:n 9:y 53:n 16:y 18:n 
3:n 10:y 51:n 17:y 19:n 
2:n 11:y 50:n 16:y 21:n 
1:n 12:y 47:n 18:y 22:n 
1:n 12:y 43:n 20:y 24:n 
1:n 22:y 25:n 27:y 25:n 
1:n 27:y 16:n 29:y 27:n 
1:n 71:y 28:n 
2:n 68:y 30:n 
3:n 66:y 31:n 
4:n 62:y 34:n 
4:n 61:y 35:n 
4:n 57:y 39:n 
4:n 53:y 43:n 
4:n 9:y 10:n 26:y 51:n 
4:n 9:y 15:n 17:y 55:n 
4:n 9:y 87:n 
4:n 9:y 87:n 
4:n 9:y 87:n 
4:n 9:y 87:n 
4:n 9:y 87:n 
4:n 9:y 87:n 
3:n 9:y 88:n 
3:n 9:y 88:n 
3:n 9:y 88:n 
3:n 9:y 88:n 
3:n 9:y 88:n 
3:n 9:y 88:n 
3:n 9:y 88:n 
3:n 70:y 27:n 
3:n 74:y 23:n 
2:n 83:y 15:n 
2:n 86:y 12:n 
2:n 89:y 9:n 
2:n 90:y 8:n 
2:n 91:y 7:n 
2:n 92:y 6:n 
2:n 95:y 3:n 
2:n 9:y 61:n 26:y 2:n 
2:n 9:y 64:n 24:y 1:n 
2:n 9:y 72:n 16:y 1:n 
2:n 9:y 75:n 13:y 1:n 
2:n 9:y 76:n 12:y 1:n 
2:n 9:y 77:n 11:y 1:n 
2:n 9:y 79:n 10:y 
2:n 9:y 79:n 10:y 
2:n 9:y 80:n 9:y 
2:n 9:y 81:n 8:y 
2:n 9:y 81:n 8:y 
2:n 9:y 81:n 8:y 
2:n 9:y 81:n 8:y 
2:n 9:y 81:n 8:y 
2:n 9:y 81:n 8:y 
2:n 9:y 81:n 8:y 
2:n 9:y 81:n 8:y 
2:n 9:y 80:n 9:y 
2:n 9:y 80:n 9:y 
2:n 9:y 80:n 9:y 
2:n 9:y 80:n 9:y 
2:n 9:y 79:n 10:y 
2:n 9:y 78:n 10:y 1:n 
2:n 9:y 77:n 11:y 1:n 
2:n 9:y 76:n 12:y 1:n 
2:n 9:y 75:n 13:y 1:n 
2:n 9:y 75:n 12:y 2:n 
2:n 9:y 75:n 11:y 3:n 
2:n 9:y 74:n 11:y 4:n 
2:n 9:y 74:n 10:y 5:n 
1:n 10:y 74:n 9:y 6:n 
1:n 10:y 73:n 10:y 6:n 
1:n 9:y 74:n 10:y 6:n 
10:y 73:n 10:y 7:n 
10:y 72:n 11:y 7:n 
9:y 73:n 11:y 7:n 
9:y 72:n 11:y 8:n 
9:y 71:n 11:y 9:n 
9:y 70:n 12:y 9:n 
9:y 69:n 12:y 10:n 
9:y 69:n 11:y 11:n 
9:y 69:n 11:y 11:n 
1:n 7:y 70:n 10:y 12:n 
2:n 5:y 71:n 9:y 13:n 
77:n 10:y 13:n 
76:n 11:y 13:n 
76:n 11:y 13:n 
76:n 11:y 13:n 
76:n 10:y 14:n 
76:n 9:y 15:n 
76:n 9:y 15:n 
76:n 9:y 15:n 
76:n 9:y 15:n 
76:n 9:y 15:n 
77:n 7:y 16:n 
